camera_matrix:
- - 723.3790278285722
  - 0.0
  - 317.5822663932883
- - 0.0
  - 721.0814579067917
  - 243.27535293710187
- - 0.0
  - 0.0
  - 1.0
distortion_coefficients:
- - -0.016336574923386773
  - 1.5876361138574384
  - -0.0019289838898345116
  - 0.004944120058726713
  - -5.588489565237164
